1000.00 28.61 0 1.00
2000.00 28.97 0 1.00
3000.00 29.25 0 1.00
4000.00 29.53 0 1.00
5000.00 29.71 0 1.00
6000.00 29.90 0 1.00
7000.00 30.08 0 1.00
8000.00 30.18 0 1.00
9000.00 30.36 0 1.00
10000.00 30.45 0 1.00
11000.00 30.55 0 1.00
12000.00 30.64 0 1.00
13000.00 30.74 0 1.00
14000.00 30.83 0 1.00
15000.00 30.83 0 1.00
16000.00 30.92 0 1.00
17000.00 31.11 0 1.00
18000.00 31.20 0 1.00
19000.00 31.30 0 1.00
20000.00 31.39 0 1.00
21000.00 31.39 0 1.00
22000.00 31.49 0 1.00
23000.00 31.58 0 1.00
24000.00 31.67 0 1.00
25000.00 31.77 0 1.00
26000.00 31.77 0 1.00
27000.00 31.77 0 1.00
28000.00 31.86 0 1.00
29000.00 31.86 0 1.00
30000.00 32.05 0 1.00
31000.00 32.05 0 1.00
32000.00 32.05 0 1.00
33000.00 32.15 0 1.00
34000.00 32.24 0 1.00
35000.00 32.24 0 1.00
36000.00 32.34 0 1.00
37000.00 32.43 0 1.00
38000.00 32.43 0 1.00
39000.00 32.53 0 1.00
40000.00 32.53 0 1.00
41000.00 32.62 0 1.00
42000.00 32.72 0 1.00
43000.00 32.72 0 1.00
44000.00 32.82 0 1.00
45000.00 32.82 0 1.00
46000.00 32.82 0 1.00
47000.00 32.91 0 1.00
48000.00 33.01 0 1.00
49000.00 33.01 0 1.00
50000.00 33.01 0 1.00
51000.00 33.11 0 1.00
52000.00 33.20 0 1.00
53000.00 33.20 0 1.00
54000.00 33.20 0 1.00
55000.00 33.30 0 1.00
56000.00 33.30 0 1.00
57000.00 33.30 0 1.00
58000.00 33.39 0 1.00
59000.00 33.39 0 1.00
60000.00 33.49 0 1.00
61000.00 33.49 0 1.00
62000.00 33.59 0 1.00
63000.00 33.59 0 1.00
64000.00 33.59 0 1.00
65000.00 33.68 0 1.00
66000.00 33.68 0 1.00
67000.00 33.78 0 1.00
68000.00 33.78 0 1.00
69000.00 33.88 0 1.00
70000.00 33.88 0 1.00
71000.00 33.88 0 1.00
72000.00 33.88 0 1.00
73000.00 33.88 0 1.00
74000.00 33.98 0 1.00
75000.00 33.98 0 1.00
76000.00 33.98 0 1.00
77000.00 33.98 0 1.00
78000.00 33.98 0 1.00
79000.00 34.07 0 1.00
80000.00 34.17 0 1.00
81000.00 34.17 0 1.00
82000.00 34.17 0 1.00
83000.00 34.17 0 1.00
84000.00 34.27 0 1.00
85000.00 34.27 0 1.00
86000.00 34.27 0 1.00
87000.00 34.27 0 1.00
88000.00 34.37 0 1.00
89000.00 34.37 0 1.00
90000.00 34.37 0 1.00
91000.00 34.37 0 1.00
92000.00 34.46 0 1.00
93000.00 34.46 0 1.00
94000.00 34.46 0 1.00
95000.00 34.46 0 1.00
96000.00 34.56 0 1.00
97000.00 34.56 0 1.00
98000.00 34.56 0 1.00
99000.00 34.66 0 1.00
100000.00 34.66 0 1.00
101000.00 34.66 0 2.45
102000.00 34.66 0 2.45
103000.00 34.66 0 2.45
104000.00 34.76 0 2.45
105000.00 34.76 0 2.45
106000.00 34.76 0 2.45
107000.00 34.76 0 2.45
108000.00 34.76 0 2.45
109000.00 34.76 0 2.45
110000.00 34.86 0 2.45
111000.00 34.86 0 2.45
112000.00 34.86 0 2.45
113000.00 34.86 0 2.45
114000.00 34.96 0 2.45
115000.00 34.96 0 2.45
116000.00 34.96 0 2.45
117000.00 34.96 0 2.45
118000.00 35.05 0 2.45
119000.00 35.05 0 2.45
120000.00 35.05 0 2.45
121000.00 35.05 0 2.45
122000.00 35.05 0 2.45
123000.00 35.15 0 2.45
124000.00 35.15 0 2.45
125000.00 35.15 0 2.45
126000.00 35.15 0 2.45
127000.00 35.15 0 2.45
128000.00 35.25 0 2.45
129000.00 35.15 0 2.45
130000.00 35.25 0 2.45
131000.00 35.25 0 2.45
132000.00 35.25 0 2.45
133000.00 35.25 0 2.45
134000.00 35.25 0 2.45
135000.00 35.35 0 2.45
136000.00 35.25 0 2.45
137000.00 35.25 0 2.45
138000.00 35.25 0 2.45
139000.00 35.25 0 2.45
140000.00 35.35 0 2.45
141000.00 35.35 0 2.45
142000.00 35.35 0 2.45
143000.00 35.35 0 2.45
144000.00 35.45 0 2.45
145000.00 35.45 0 2.45
146000.00 35.45 0 2.45
147000.00 35.45 0 2.45
148000.00 35.45 0 2.45
149000.00 35.55 0 2.45
150000.00 35.55 0 2.45
151000.00 35.55 0 2.45
152000.00 35.55 0 2.45
153000.00 35.55 0 2.45
154000.00 35.55 0 2.45
155000.00 35.55 0 2.45
156000.00 35.55 0 2.45
157000.00 35.55 0 2.45
158000.00 35.55 0 2.45
159000.00 35.65 0 2.45
160000.00 35.55 0 2.45
161000.00 35.55 0 2.45
162000.00 35.65 0 2.45
163000.00 35.65 0 2.45
164000.00 35.65 0 2.45
165000.00 35.65 0 2.45
166000.00 35.75 0 2.45
167000.00 35.75 0 2.45
168000.00 35.75 0 2.45
169000.00 35.75 0 2.45
170000.00 35.75 0 2.45
171000.00 35.75 0 2.45
172000.00 35.75 0 2.45
173000.00 35.75 0 2.45
174000.00 35.85 0 2.45
175000.00 35.75 0 2.45
176000.00 35.75 0 2.45
177000.00 35.85 0 2.45
178000.00 35.85 0 2.45
179000.00 35.85 0 2.45
180000.00 35.85 0 2.45
181000.00 35.85 0 2.45
182000.00 35.85 0 2.45
183000.00 35.85 0 2.45
184000.00 35.85 0 2.45
185000.00 35.85 0 2.45
186000.00 35.95 0 2.45
187000.00 35.95 0 2.45
188000.00 35.95 0 2.45
189000.00 35.95 0 2.45
190000.00 35.95 0 2.45
191000.00 36.05 0 2.45
192000.00 35.95 0 2.45
193000.00 35.95 0 2.45
194000.00 35.95 0 2.45
195000.00 36.05 0 2.45
196000.00 36.05 0 2.45
197000.00 36.05 0 2.45
198000.00 36.05 0 2.45
199000.00 36.15 0 2.45
200000.00 36.05 0 2.45
201000.00 36.05 0 0.81
202000.00 36.15 0 0.81
203000.00 36.05 0 0.81
204000.00 36.15 0 0.81
205000.00 36.05 0 0.81
206000.00 36.15 0 0.81
207000.00 36.15 0 0.81
208000.00 36.15 0 0.81
209000.00 36.15 0 0.81
210000.00 36.15 0 0.81
211000.00 36.15 0 0.81
212000.00 36.15 0 0.81
213000.00 36.15 0 0.81
214000.00 36.15 0 0.81
215000.00 36.25 0 0.81
216000.00 36.25 0 0.81
217000.00 36.25 0 0.81
218000.00 36.25 0 0.81
219000.00 36.25 0 0.81
220000.00 36.25 0 0.81
221000.00 36.25 0 0.81
222000.00 36.25 0 0.81
223000.00 36.25 0 0.81
224000.00 36.25 0 0.81
225000.00 36.25 0 0.81
226000.00 36.35 0 0.81
227000.00 36.35 0 0.81
228000.00 36.35 0 0.81
229000.00 36.45 0 0.81
230000.00 36.35 0 0.81
231000.00 36.35 0 0.81
232000.00 36.35 0 0.81
233000.00 36.35 0 0.81
234000.00 36.35 0 0.81
235000.00 36.35 0 0.81
236000.00 36.35 0 0.81
237000.00 36.45 0 0.81
238000.00 36.45 0 0.81
239000.00 36.35 0 0.81
240000.00 36.35 0 0.81
241000.00 36.45 0 0.81
242000.00 36.45 0 0.81
243000.00 36.45 0 0.81
244000.00 36.45 0 0.81
245000.00 36.45 0 0.81
246000.00 36.45 0 0.81
247000.00 36.45 0 0.81
248000.00 36.45 0 0.81
249000.00 36.45 0 0.81
250000.00 36.45 0 0.81
251000.00 36.45 0 0.81
252000.00 36.55 0 0.81
253000.00 36.55 0 0.81
254000.00 36.55 0 0.81
255000.00 36.55 0 0.81
256000.00 36.45 0 0.81
257000.00 36.55 0 0.81
258000.00 36.55 0 0.81
259000.00 36.45 0 0.81
260000.00 36.45 0 0.81
261000.00 36.55 0 0.81
262000.00 36.45 0 0.81
263000.00 36.55 0 0.81
264000.00 36.55 0 0.81
265000.00 36.55 0 0.81
266000.00 36.55 0 0.81
267000.00 36.55 0 0.81
268000.00 36.55 0 0.81
269000.00 36.55 0 0.81
270000.00 36.55 0 0.81
271000.00 36.55 0 0.81
272000.00 36.55 0 0.81
273000.00 36.55 0 0.81
274000.00 36.65 0 0.81
275000.00 36.65 0 0.81
276000.00 36.65 0 0.81
277000.00 36.65 0 0.81
278000.00 36.65 0 0.81
279000.00 36.65 0 0.81
280000.00 36.65 0 0.81
281000.00 36.65 0 0.81
282000.00 36.65 0 0.81
283000.00 36.65 0 0.81
284000.00 36.65 0 0.81
285000.00 36.65 0 0.81
286000.00 36.65 0 0.81
287000.00 36.75 0 0.81
288000.00 36.75 0 0.81
289000.00 36.75 0 0.81
290000.00 36.75 0 0.81
291000.00 36.65 0 0.81
292000.00 36.75 0 0.81
293000.00 36.75 0 0.81
294000.00 36.75 0 0.81
295000.00 36.75 0 0.81
296000.00 36.75 0 0.81
297000.00 36.75 0 0.81
298000.00 36.75 0 0.81
299000.00 36.75 0 0.81
300000.00 36.75 0 0.81
301000.00 36.75 0 0.48
302000.00 36.75 0 0.48
303000.00 36.75 0 0.48
304000.00 36.75 0 0.48
305000.00 36.75 0 0.48
306000.00 36.75 0 0.48
307000.00 36.75 0 0.48
308000.00 36.75 0 0.48
309000.00 36.75 0 0.48
310000.00 36.86 0 0.48
311000.00 36.75 0 0.48
312000.00 36.86 0 0.48
313000.00 36.86 0 0.48
314000.00 36.86 0 0.48
315000.00 36.75 0 0.48
316000.00 36.86 0 0.48
317000.00 36.86 0 0.48
318000.00 36.86 0 0.48
319000.00 36.96 0 0.48
320000.00 36.86 0 0.48
321000.00 36.96 0 0.48
322000.00 36.96 0 0.48
323000.00 36.96 0 0.48
324000.00 36.96 0 0.48
325000.00 36.96 0 0.48
326000.00 37.06 0 0.48
327000.00 37.06 0 0.48
328000.00 37.06 0 0.48
329000.00 37.06 0 0.48
330000.00 37.06 0 0.48
331000.00 37.06 0 0.48
332000.00 37.06 0 0.48
333000.00 37.06 0 0.48
334000.00 37.06 0 0.48
335000.00 37.06 0 0.48
336000.00 37.06 0 0.48
337000.00 37.16 0 0.48
338000.00 37.06 0 0.48
339000.00 37.06 0 0.48
340000.00 37.06 0 0.48
341000.00 36.96 0 0.48
342000.00 37.06 0 0.48
343000.00 37.06 0 0.48
344000.00 37.06 0 0.48
345000.00 36.96 0 0.48
346000.00 36.96 0 0.48
347000.00 37.06 0 0.48
348000.00 37.06 0 0.48
349000.00 37.16 0 0.48
350000.00 37.16 0 0.48
351000.00 37.16 0 0.48
352000.00 37.16 0 0.48
353000.00 37.16 0 0.48
354000.00 37.16 0 0.48
355000.00 37.06 0 0.48
356000.00 37.06 0 0.48
357000.00 37.06 0 0.48
358000.00 37.06 0 0.48
359000.00 37.16 0 0.48
360000.00 37.06 0 0.48
361000.00 37.06 0 0.48
362000.00 37.06 0 0.48
363000.00 36.96 0 0.48
364000.00 37.06 0 0.48
365000.00 36.96 0 0.48
366000.00 37.06 0 0.48
367000.00 36.96 0 0.48
368000.00 36.96 0 0.48
369000.00 37.06 0 0.48
370000.00 37.06 0 0.48
371000.00 36.96 0 0.48
372000.00 37.06 0 0.48
373000.00 37.06 0 0.48
374000.00 37.16 0 0.48
375000.00 37.16 0 0.48
376000.00 37.16 0 0.48
377000.00 37.16 0 0.48
378000.00 37.16 0 0.48
379000.00 37.16 0 0.48
380000.00 37.16 0 0.48
381000.00 37.16 0 0.48
382000.00 37.16 0 0.48
383000.00 37.16 0 0.48
384000.00 37.06 0 0.48
385000.00 37.16 0 0.48
386000.00 37.16 0 0.48
387000.00 37.26 0 0.48
388000.00 37.16 0 0.48
389000.00 37.26 0 0.48
390000.00 37.26 0 0.48
391000.00 37.16 0 0.48
392000.00 37.16 0 0.48
393000.00 37.16 0 0.48
394000.00 37.16 0 0.48
395000.00 37.16 0 0.48
396000.00 37.16 0 0.48
397000.00 37.16 0 0.48
398000.00 37.26 0 0.48
399000.00 37.16 0 0.48
400000.00 37.16 0 0.48
401000.00 37.16 0 0.34
402000.00 37.16 0 0.34
403000.00 37.16 0 0.34
404000.00 37.16 0 0.34
405000.00 37.16 0 0.34
406000.00 37.16 0 0.34
407000.00 37.16 0 0.34
408000.00 37.26 0 0.34
409000.00 37.16 0 0.34
410000.00 37.16 0 0.34
411000.00 37.26 0 0.34
412000.00 37.26 0 0.34
413000.00 37.26 0 0.34
414000.00 37.26 0 0.34
415000.00 37.26 0 0.34
416000.00 37.26 0 0.34
417000.00 37.16 0 0.34
418000.00 37.26 0 0.34
419000.00 37.26 0 0.34
420000.00 37.26 0 0.34
421000.00 37.26 0 0.34
422000.00 37.26 0 0.34
423000.00 37.16 0 0.34
424000.00 37.26 0 0.34
425000.00 37.26 0 0.34
426000.00 37.26 0 0.34
427000.00 37.37 0 0.34
428000.00 37.37 0 0.34
429000.00 37.37 0 0.34
430000.00 37.37 0 0.34
431000.00 37.37 0 0.34
432000.00 37.37 0 0.34
433000.00 37.37 0 0.34
434000.00 37.37 0 0.34
435000.00 37.37 0 0.34
436000.00 37.37 0 0.34
437000.00 37.37 0 0.34
438000.00 37.37 0 0.34
439000.00 37.37 0 0.34
440000.00 37.26 0 0.34
441000.00 37.37 0 0.34
442000.00 37.37 0 0.34
443000.00 37.37 0 0.34
444000.00 37.37 0 0.34
445000.00 37.47 0 0.34
446000.00 37.37 0 0.34
447000.00 37.37 0 0.34
448000.00 37.57 0 0.34
449000.00 37.67 0 0.34
450000.00 37.67 0 0.34
451000.00 37.67 0 0.34
452000.00 37.67 0 0.34
453000.00 37.67 0 0.34
454000.00 37.67 0 0.34
455000.00 37.67 0 0.34
456000.00 37.67 0 0.34
457000.00 37.67 0 0.34
458000.00 37.67 0 0.34
459000.00 37.67 0 0.34
460000.00 37.57 0 0.34
461000.00 37.57 0 0.34
462000.00 37.57 0 0.34
463000.00 37.57 0 0.34
464000.00 37.57 0 0.34
465000.00 37.57 0 0.34
466000.00 37.57 0 0.34
467000.00 37.47 0 0.34
468000.00 37.47 0 0.34
469000.00 37.47 0 0.34
470000.00 37.57 0 0.34
471000.00 37.47 0 0.34
472000.00 37.47 0 0.34
473000.00 37.47 0 0.34
474000.00 37.47 0 0.34
475000.00 37.47 0 0.34
476000.00 37.47 0 0.34
477000.00 37.47 0 0.34
478000.00 37.57 0 0.34
479000.00 37.47 0 0.34
480000.00 37.47 0 0.34
481000.00 37.47 0 0.34
482000.00 37.47 0 0.34
483000.00 37.47 0 0.34
484000.00 37.57 0 0.34
485000.00 37.57 0 0.34
486000.00 37.57 0 0.34
487000.00 37.47 0 0.34
488000.00 37.57 0 0.34
489000.00 37.57 0 0.34
490000.00 37.57 0 0.34
491000.00 37.57 0 0.34
492000.00 37.57 0 0.34
493000.00 37.57 0 0.34
494000.00 37.57 0 0.34
495000.00 37.57 0 0.34
496000.00 37.57 0 0.34
497000.00 37.57 0 0.34
498000.00 37.57 0 0.34
499000.00 37.47 0 0.34
500000.00 37.57 0 0.34
501000.00 37.57 0 0.42
502000.00 37.57 0 0.42
503000.00 37.57 0 0.42
504000.00 37.67 0 0.42
505000.00 37.67 0 0.42
506000.00 37.67 0 0.42
507000.00 37.57 0 0.42
508000.00 37.57 0 0.42
509000.00 37.67 0 0.42
510000.00 37.57 0 0.42
511000.00 37.57 0 0.42
512000.00 37.67 0 0.42
513000.00 37.67 0 0.42
514000.00 37.67 0 0.42
515000.00 37.67 0 0.42
516000.00 37.67 0 0.42
517000.00 37.67 0 0.42
518000.00 37.67 0 0.42
519000.00 37.67 0 0.42
520000.00 37.67 0 0.42
521000.00 37.57 0 0.42
522000.00 37.67 0 0.42
523000.00 37.67 0 0.42
524000.00 37.67 0 0.42
525000.00 37.67 0 0.42
526000.00 37.67 0 0.42
527000.00 37.67 0 0.42
528000.00 37.67 0 0.42
529000.00 37.67 0 0.42
530000.00 37.67 0 0.42
531000.00 37.67 0 0.42
532000.00 37.67 0 0.42
533000.00 37.67 0 0.42
534000.00 37.67 0 0.42
535000.00 37.67 0 0.42
536000.00 37.67 0 0.42
537000.00 37.67 0 0.42
538000.00 37.67 0 0.42
539000.00 37.67 0 0.42
540000.00 37.78 0 0.42
541000.00 37.67 0 0.42
542000.00 37.67 0 0.42
543000.00 37.67 0 0.42
544000.00 37.67 0 0.42
545000.00 37.78 0 0.42
546000.00 37.78 0 0.42
547000.00 37.67 0 0.42
548000.00 37.67 0 0.42
549000.00 37.78 0 0.42
550000.00 37.67 0 0.42
551000.00 37.78 0 0.42
552000.00 37.67 0 0.42
553000.00 37.78 0 0.42
554000.00 37.78 0 0.42
555000.00 37.78 0 0.42
556000.00 37.78 0 0.42
557000.00 37.78 0 0.42
558000.00 37.67 0 0.42
559000.00 37.67 0 0.42
560000.00 37.67 0 0.42
561000.00 37.78 0 0.42
562000.00 37.78 0 0.42
563000.00 37.67 0 0.42
564000.00 37.78 0 0.42
565000.00 37.67 0 0.42
566000.00 37.78 0 0.42
567000.00 37.78 0 0.42
568000.00 37.88 0 0.42
569000.00 37.88 0 0.42
570000.00 37.88 0 0.42
571000.00 37.88 0 0.42
572000.00 37.88 0 0.42
573000.00 37.88 0 0.42
574000.00 37.88 0 0.42
575000.00 37.88 0 0.42
576000.00 37.88 0 0.42
577000.00 37.88 0 0.42
578000.00 37.88 0 0.42
579000.00 37.88 0 0.42
580000.00 37.78 0 0.42
581000.00 37.88 0 0.42
582000.00 37.88 0 0.42
583000.00 37.88 0 0.42
584000.00 37.88 0 0.42
585000.00 37.88 0 0.42
586000.00 37.88 0 0.42
587000.00 37.88 0 0.42
588000.00 37.88 0 0.42
589000.00 37.88 0 0.42
590000.00 37.88 0 0.42
591000.00 37.98 0 0.42
592000.00 37.88 0 0.42
593000.00 37.88 0 0.42
594000.00 37.88 0 0.42
595000.00 37.98 0 0.42
596000.00 37.98 0 0.42
597000.00 37.88 0 0.42
598000.00 37.88 0 0.42
599000.00 37.88 0 0.42
600000.00 37.88 0 0.42
601000.00 37.88 0 0.35
602000.00 37.88 0 0.35
603000.00 37.88 0 0.35
604000.00 37.88 0 0.35
605000.00 37.88 0 0.35
606000.00 37.88 0 0.35
607000.00 37.88 0 0.35
608000.00 37.78 0 0.35
609000.00 37.88 0 0.35
610000.00 37.88 0 0.35
611000.00 37.88 0 0.35
612000.00 37.88 0 0.35
613000.00 37.88 0 0.35
614000.00 37.88 0 0.35
615000.00 37.88 0 0.35
616000.00 37.98 0 0.35
617000.00 37.98 0 0.35
618000.00 37.88 0 0.35
619000.00 37.98 0 0.35
620000.00 37.98 0 0.35
621000.00 37.98 0 0.35
622000.00 37.98 0 0.35
623000.00 37.98 0 0.35
624000.00 37.98 0 0.35
625000.00 37.98 0 0.35
626000.00 37.88 0 0.35
627000.00 37.98 0 0.35
628000.00 37.98 0 0.35
629000.00 37.88 0 0.35
630000.00 37.88 0 0.35
631000.00 37.98 0 0.35
632000.00 37.98 0 0.35
633000.00 37.88 0 0.35
634000.00 37.98 0 0.35
635000.00 37.98 0 0.35
636000.00 37.98 0 0.35
637000.00 37.98 0 0.35
638000.00 37.98 0 0.35
639000.00 37.98 0 0.35
640000.00 37.98 0 0.35
641000.00 37.98 0 0.35
642000.00 37.98 0 0.35
643000.00 37.98 0 0.35
644000.00 37.98 0 0.35
645000.00 37.98 0 0.35
646000.00 37.98 0 0.35
647000.00 37.98 0 0.35
648000.00 37.98 0 0.35
649000.00 38.09 0 0.35
650000.00 38.09 0 0.35
651000.00 37.98 0 0.35
652000.00 38.09 0 0.35
653000.00 38.09 0 0.35
654000.00 38.09 0 0.35
655000.00 38.09 0 0.35
656000.00 38.09 0 0.35
657000.00 38.09 0 0.35
658000.00 38.09 0 0.35
659000.00 38.09 0 0.35
660000.00 38.09 0 0.35
661000.00 38.09 0 0.35
662000.00 38.09 0 0.35
663000.00 38.09 0 0.35
664000.00 38.09 0 0.35
665000.00 38.09 0 0.35
666000.00 37.98 0 0.35
667000.00 38.09 0 0.35
668000.00 38.09 0 0.35
669000.00 38.09 0 0.35
670000.00 38.09 0 0.35
671000.00 38.09 0 0.35
672000.00 38.09 0 0.35
673000.00 37.98 0 0.35
674000.00 38.09 0 0.35
675000.00 38.09 0 0.35
676000.00 38.09 0 0.35
677000.00 38.09 0 0.35
678000.00 38.09 0 0.35
679000.00 38.09 0 0.35
680000.00 38.09 0 0.35
681000.00 38.19 0 0.35
682000.00 38.19 0 0.35
683000.00 38.09 0 0.35
684000.00 38.19 0 0.35
685000.00 38.19 0 0.35
686000.00 38.19 0 0.35
687000.00 38.09 0 0.35
688000.00 38.19 0 0.35
689000.00 38.09 0 0.35
690000.00 38.09 0 0.35
691000.00 38.09 0 0.35
692000.00 38.09 0 0.35
693000.00 38.09 0 0.35
694000.00 38.09 0 0.35
695000.00 38.09 0 0.35
696000.00 38.09 0 0.35
697000.00 38.09 0 0.35
698000.00 38.09 0 0.35
699000.00 38.09 0 0.35
700000.00 38.09 0 0.35
701000.00 38.09 0 0.34
702000.00 38.09 0 0.34
703000.00 38.09 0 0.34
704000.00 38.09 0 0.34
705000.00 37.98 0 0.34
706000.00 38.09 0 0.34
707000.00 38.09 0 0.34
708000.00 38.09 0 0.34
709000.00 38.09 0 0.34
710000.00 38.09 0 0.34
711000.00 38.09 0 0.34
712000.00 38.09 0 0.34
713000.00 38.09 0 0.34
714000.00 38.19 0 0.34
715000.00 38.09 0 0.34
716000.00 38.09 0 0.34
717000.00 38.09 0 0.34
718000.00 38.09 0 0.34
719000.00 38.19 0 0.34
720000.00 38.09 0 0.34
721000.00 38.19 0 0.34
722000.00 38.19 0 0.34
723000.00 38.19 0 0.34
724000.00 38.19 0 0.34
725000.00 38.19 0 0.34
726000.00 38.29 0 0.34
727000.00 38.29 0 0.34
728000.00 38.19 0 0.34
729000.00 38.29 0 0.34
730000.00 38.29 0 0.34
731000.00 38.29 0 0.34
732000.00 38.19 0 0.34
733000.00 38.29 0 0.34
734000.00 38.19 0 0.34
735000.00 38.19 0 0.34
736000.00 38.19 0 0.34
737000.00 38.19 0 0.34
738000.00 38.19 0 0.34
739000.00 38.19 0 0.34
740000.00 38.19 0 0.34
741000.00 38.09 0 0.34
742000.00 38.09 0 0.34
743000.00 38.19 0 0.34
744000.00 38.19 0 0.34
745000.00 38.19 0 0.34
746000.00 38.19 0 0.34
747000.00 38.09 0 0.34
748000.00 38.19 0 0.34
749000.00 38.09 0 0.34
750000.00 38.19 0 0.34
751000.00 38.19 0 0.34
752000.00 38.19 0 0.34
753000.00 38.19 0 0.34
754000.00 38.19 0 0.34
755000.00 38.19 0 0.34
756000.00 38.29 0 0.34
757000.00 38.19 0 0.34
758000.00 38.19 0 0.34
759000.00 38.19 0 0.34
760000.00 38.29 0 0.34
761000.00 38.29 0 0.34
762000.00 38.29 0 0.34
763000.00 38.29 0 0.34
764000.00 38.29 0 0.34
765000.00 38.29 0 0.34
766000.00 38.40 0 0.34
767000.00 38.40 0 0.34
768000.00 38.29 0 0.34
769000.00 38.29 0 0.34
770000.00 38.29 0 0.34
771000.00 38.40 0 0.34
772000.00 38.29 0 0.34
773000.00 38.29 0 0.34
774000.00 38.29 0 0.34
775000.00 38.29 0 0.34
776000.00 38.29 0 0.34
777000.00 38.29 0 0.34
778000.00 38.29 0 0.34
779000.00 38.29 0 0.34
780000.00 38.29 0 0.34
781000.00 38.29 0 0.34
782000.00 38.19 0 0.34
783000.00 38.19 0 0.34
784000.00 38.29 0 0.34
785000.00 38.29 0 0.34
786000.00 38.29 0 0.34
787000.00 38.29 0 0.34
788000.00 38.29 0 0.34
789000.00 38.29 0 0.34
790000.00 38.29 0 0.34
791000.00 38.29 0 0.34
792000.00 38.29 0 0.34
793000.00 38.29 0 0.34
794000.00 38.29 0 0.34
795000.00 38.29 0 0.34
796000.00 38.29 0 0.34
797000.00 38.40 0 0.34
798000.00 38.40 0 0.34
799000.00 38.40 0 0.34
800000.00 38.40 0 0.34
801000.00 38.40 0 0.32
802000.00 38.29 0 0.32
803000.00 38.40 0 0.32
804000.00 38.40 0 0.32
805000.00 38.40 0 0.32
806000.00 38.40 0 0.32
807000.00 38.29 0 0.32
808000.00 38.29 0 0.32
809000.00 38.29 0 0.32
810000.00 38.29 0 0.32
811000.00 38.29 0 0.32
812000.00 38.29 0 0.32
813000.00 38.19 0 0.32
814000.00 38.19 0 0.32
815000.00 38.19 0 0.32
816000.00 38.29 0 0.32
817000.00 38.29 0 0.32
818000.00 38.29 0 0.32
819000.00 38.19 0 0.32
820000.00 38.19 0 0.32
821000.00 38.19 0 0.32
822000.00 38.29 0 0.32
823000.00 38.29 0 0.32
824000.00 38.29 0 0.32
825000.00 38.29 0 0.32
826000.00 38.29 0 0.32
827000.00 38.29 0 0.32
828000.00 38.29 0 0.32
829000.00 38.29 0 0.32
830000.00 38.29 0 0.32
831000.00 38.29 0 0.32
832000.00 38.29 0 0.32
833000.00 38.29 0 0.32
834000.00 38.29 0 0.32
835000.00 38.29 0 0.32
836000.00 38.29 0 0.32
837000.00 38.29 0 0.32
838000.00 38.29 0 0.32
839000.00 38.29 0 0.32
840000.00 38.40 0 0.32
841000.00 38.29 0 0.32
842000.00 38.40 0 0.32
843000.00 38.29 0 0.32
844000.00 38.40 0 0.32
845000.00 38.40 0 0.32
846000.00 38.40 0 0.32
847000.00 38.40 0 0.32
848000.00 38.40 0 0.32
849000.00 38.40 0 0.32
850000.00 38.40 0 0.32
851000.00 38.40 0 0.32
852000.00 38.40 0 0.32
853000.00 38.29 0 0.32
854000.00 38.29 0 0.32
855000.00 38.40 0 0.32
856000.00 38.40 0 0.32
857000.00 38.29 0 0.32
858000.00 38.40 0 0.32
859000.00 38.40 0 0.32
860000.00 38.40 0 0.32
861000.00 38.40 0 0.32
862000.00 38.40 0 0.32
863000.00 38.40 0 0.32
864000.00 38.40 0 0.32
865000.00 38.40 0 0.32
866000.00 38.40 0 0.32
867000.00 38.40 0 0.32
868000.00 38.40 0 0.32
869000.00 38.40 0 0.32
870000.00 38.40 0 0.32
871000.00 38.40 0 0.32
872000.00 38.40 0 0.32
873000.00 38.40 0 0.32
874000.00 38.40 0 0.32
875000.00 38.40 0 0.32
876000.00 38.40 0 0.32
877000.00 38.50 0 0.32
878000.00 38.50 0 0.32
879000.00 38.40 0 0.32
880000.00 38.40 0 0.32
881000.00 38.40 0 0.32
882000.00 38.50 0 0.32
883000.00 38.40 0 0.32
884000.00 38.40 0 0.32
885000.00 38.40 0 0.32
886000.00 38.40 0 0.32
887000.00 38.50 0 0.32
888000.00 38.50 0 0.32
889000.00 38.40 0 0.32
890000.00 38.40 0 0.32
891000.00 38.40 0 0.32
892000.00 38.50 0 0.32
893000.00 38.40 0 0.32
894000.00 38.50 0 0.32
895000.00 38.50 0 0.32
896000.00 38.50 0 0.32
897000.00 38.50 0 0.32
898000.00 38.50 0 0.32
899000.00 38.50 0 0.32
900000.00 38.50 0 0.32
901000.00 38.40 0 0.30
902000.00 38.50 0 0.30
903000.00 38.50 0 0.30
904000.00 38.40 0 0.30
905000.00 38.40 0 0.30
906000.00 38.50 0 0.30
907000.00 38.40 0 0.30
908000.00 38.50 0 0.30
909000.00 38.50 0 0.30
910000.00 38.50 0 0.30
911000.00 38.50 0 0.30
912000.00 38.50 0 0.30
913000.00 38.50 0 0.30
914000.00 38.50 0 0.30
915000.00 38.50 0 0.30
916000.00 38.61 0 0.30
917000.00 38.71 0 0.30
918000.00 38.61 0 0.30
919000.00 38.71 0 0.30
920000.00 38.71 0 0.30
921000.00 38.71 0 0.30
922000.00 38.71 0 0.30
923000.00 38.71 0 0.30
924000.00 38.71 0 0.30
925000.00 38.71 0 0.30
926000.00 38.71 0 0.30
927000.00 38.82 0 0.30
928000.00 38.71 0 0.30
929000.00 38.82 0 0.30
930000.00 38.71 0 0.30
931000.00 38.71 0 0.30
932000.00 38.71 0 0.30
933000.00 38.71 0 0.30
934000.00 38.71 0 0.30
935000.00 38.61 0 0.30
936000.00 38.71 0 0.30
937000.00 38.71 0 0.30
938000.00 38.71 0 0.30
939000.00 38.71 0 0.30
940000.00 38.71 0 0.30
941000.00 38.61 0 0.30
942000.00 38.61 0 0.30
943000.00 38.71 0 0.30
944000.00 38.71 0 0.30
945000.00 38.71 0 0.30
946000.00 38.61 0 0.30
947000.00 38.61 0 0.30
948000.00 38.61 0 0.30
949000.00 38.61 0 0.30
950000.00 38.61 0 0.30
951000.00 38.61 0 0.30
952000.00 38.61 0 0.30
953000.00 38.61 0 0.30
954000.00 38.61 0 0.30
955000.00 38.61 0 0.30
956000.00 38.61 0 0.30
957000.00 38.61 0 0.30
958000.00 38.61 0 0.30
959000.00 38.50 0 0.30
960000.00 38.61 0 0.30
961000.00 38.61 0 0.30
962000.00 38.61 0 0.30
963000.00 38.61 0 0.30
964000.00 38.61 0 0.30
965000.00 38.61 0 0.30
966000.00 38.61 0 0.30
967000.00 38.61 0 0.30
968000.00 38.50 0 0.30
969000.00 38.61 0 0.30
970000.00 38.61 0 0.30
971000.00 38.61 0 0.30
972000.00 38.61 0 0.30
973000.00 38.71 0 0.30
974000.00 38.61 0 0.30
975000.00 38.61 0 0.30
976000.00 38.61 0 0.30
977000.00 38.71 0 0.30
978000.00 38.71 0 0.30
979000.00 38.71 0 0.30
980000.00 38.71 0 0.30
981000.00 38.71 0 0.30
982000.00 38.71 0 0.30
983000.00 38.61 0 0.30
984000.00 38.71 0 0.30
985000.00 38.61 0 0.30
986000.00 38.61 0 0.30
987000.00 38.61 0 0.30
988000.00 38.61 0 0.30
989000.00 38.61 0 0.30
990000.00 38.61 0 0.30
991000.00 38.61 0 0.30
992000.00 38.71 0 0.30
993000.00 38.71 0 0.30
994000.00 38.61 0 0.30
995000.00 38.71 0 0.30
996000.00 38.71 0 0.30
997000.00 38.71 0 0.30
998000.00 38.71 0 0.30
999000.00 38.71 0 0.30
1000000.00 38.61 0 0.30
1001000.00 38.61 0 0.21
1002000.00 38.61 0 0.21
1003000.00 38.71 0 0.21
1004000.00 38.71 0 0.21
1005000.00 38.71 0 0.21
1006000.00 38.71 0 0.21
1007000.00 38.71 0 0.21
1008000.00 38.71 0 0.21
1009000.00 38.71 0 0.21
1010000.00 38.61 0 0.21
1011000.00 38.71 0 0.21
1012000.00 38.71 0 0.21
1013000.00 38.61 0 0.21
1014000.00 38.71 0 0.21
1015000.00 38.71 0 0.21
1016000.00 38.71 0 0.21
1017000.00 38.71 0 0.21
1018000.00 38.71 0 0.21
1019000.00 38.71 0 0.21
1020000.00 38.71 0 0.21
1021000.00 38.71 0 0.21
1022000.00 38.71 0 0.21
1023000.00 38.71 0 0.21
1024000.00 38.71 0 0.21
1025000.00 38.82 0 0.21
1026000.00 38.71 0 0.21
1027000.00 38.71 0 0.21
1028000.00 38.71 0 0.21
1029000.00 38.82 0 0.21
1030000.00 38.82 0 0.21
1031000.00 38.71 0 0.21
1032000.00 38.71 0 0.21
1033000.00 38.71 0 0.21
1034000.00 38.82 0 0.21
1035000.00 38.71 0 0.21
1036000.00 38.82 0 0.21
1037000.00 38.71 0 0.21
1038000.00 38.71 0 0.21
1039000.00 38.71 0 0.21
1040000.00 38.71 0 0.21
1041000.00 38.71 0 0.21
1042000.00 38.71 0 0.21
1043000.00 38.71 0 0.21
1044000.00 38.71 0 0.21
1045000.00 38.82 0 0.21
1046000.00 38.82 0 0.21
1047000.00 38.71 0 0.21
1048000.00 38.82 0 0.21
1049000.00 38.71 0 0.21
1050000.00 38.71 0 0.21
1051000.00 38.71 0 0.21
1052000.00 38.82 0 0.21
1053000.00 38.82 0 0.21
1054000.00 38.82 0 0.21
1055000.00 38.82 0 0.21
1056000.00 38.82 0 0.21
1057000.00 38.82 0 0.21
1058000.00 38.82 0 0.21
1059000.00 38.82 0 0.21
1060000.00 38.82 0 0.21
1061000.00 38.92 0 0.21
1062000.00 38.82 0 0.21
1063000.00 38.82 0 0.21
1064000.00 38.71 0 0.21
1065000.00 38.92 0 0.21
1066000.00 38.82 0 0.21
1067000.00 38.82 0 0.21
1068000.00 38.82 0 0.21
1069000.00 38.82 0 0.21
1070000.00 38.82 0 0.21
1071000.00 38.82 0 0.21
1072000.00 38.82 0 0.21
1073000.00 38.82 0 0.21
1074000.00 38.71 0 0.21
1075000.00 38.82 0 0.21
1076000.00 38.82 0 0.21
1077000.00 38.82 0 0.21
1078000.00 38.82 0 0.21
1079000.00 38.71 0 0.21
1080000.00 38.71 0 0.21
1081000.00 38.71 0 0.21
1082000.00 38.71 0 0.21
1083000.00 38.71 0 0.21
1084000.00 38.71 0 0.21
1085000.00 38.82 0 0.21
1086000.00 38.82 0 0.21
1087000.00 38.71 0 0.21
1088000.00 38.71 0 0.21
1089000.00 38.71 0 0.21
1090000.00 38.82 0 0.21
1091000.00 38.71 0 0.21
1092000.00 38.82 0 0.21
1093000.00 38.82 0 0.21
1094000.00 38.71 0 0.21
1095000.00 38.82 0 0.21
1096000.00 38.82 0 0.21
1097000.00 38.82 0 0.21
1098000.00 38.82 0 0.21
1099000.00 38.82 0 0.21
1100000.00 38.82 0 0.21
1101000.00 38.82 0 0.27
1102000.00 38.82 0 0.27
1103000.00 38.82 0 0.27
1104000.00 38.82 0 0.27
1105000.00 38.82 0 0.27
1106000.00 38.71 0 0.27
1107000.00 38.71 0 0.27
1108000.00 38.82 0 0.27
1109000.00 38.82 0 0.27
1110000.00 38.71 0 0.27
1111000.00 38.71 0 0.27
1112000.00 38.82 0 0.27
1113000.00 38.82 0 0.27
1114000.00 38.82 0 0.27
1115000.00 38.92 0 0.27
1116000.00 38.92 0 0.27
1117000.00 38.82 0 0.27
1118000.00 38.92 0 0.27
1119000.00 38.82 0 0.27
1120000.00 38.82 0 0.27
1121000.00 38.82 0 0.27
1122000.00 38.82 0 0.27
1123000.00 38.92 0 0.27
1124000.00 38.92 0 0.27
1125000.00 38.92 0 0.27
1126000.00 38.92 0 0.27
1127000.00 38.92 0 0.27
1128000.00 38.82 0 0.27
1129000.00 38.92 0 0.27
1130000.00 38.92 0 0.27
1131000.00 38.92 0 0.27
1132000.00 38.82 0 0.27
1133000.00 38.92 0 0.27
1134000.00 38.92 0 0.27
1135000.00 38.82 0 0.27
1136000.00 38.82 0 0.27
1137000.00 38.82 0 0.27
1138000.00 38.82 0 0.27
1139000.00 38.82 0 0.27
1140000.00 38.82 0 0.27
1141000.00 38.82 0 0.27
1142000.00 38.92 0 0.27
1143000.00 38.82 0 0.27
1144000.00 38.82 0 0.27
1145000.00 38.82 0 0.27
1146000.00 38.82 0 0.27
1147000.00 38.92 0 0.27
1148000.00 38.92 0 0.27
1149000.00 38.82 0 0.27
1150000.00 38.82 0 0.27
1151000.00 38.82 0 0.27
1152000.00 38.82 0 0.27
1153000.00 38.82 0 0.27
1154000.00 38.82 0 0.27
1155000.00 38.82 0 0.27
1156000.00 38.92 0 0.27
1157000.00 38.92 0 0.27
1158000.00 38.82 0 0.27
1159000.00 38.82 0 0.27
1160000.00 38.92 0 0.27
1161000.00 38.82 0 0.27
1162000.00 38.92 0 0.27
1163000.00 38.92 0 0.27
1164000.00 38.92 0 0.27
1165000.00 38.92 0 0.27
1166000.00 38.92 0 0.27
1167000.00 38.92 0 0.27
1168000.00 39.03 0 0.27
1169000.00 38.92 0 0.27
1170000.00 38.92 0 0.27
1171000.00 38.92 0 0.27
1172000.00 38.92 0 0.27
1173000.00 38.82 0 0.27
1174000.00 38.92 0 0.27
1175000.00 38.92 0 0.27
1176000.00 38.92 0 0.27
1177000.00 39.03 0 0.27
1178000.00 38.92 0 0.27
1179000.00 39.03 0 0.27
1180000.00 39.03 0 0.27
1181000.00 39.03 0 0.27
1182000.00 38.92 0 0.27
1183000.00 38.92 0 0.27
1184000.00 38.92 0 0.27
1185000.00 38.92 0 0.27
1186000.00 38.92 0 0.27
1187000.00 38.92 0 0.27
1188000.00 38.92 0 0.27
1189000.00 38.92 0 0.27
1190000.00 38.92 0 0.27
1191000.00 38.92 0 0.27
1192000.00 38.82 0 0.27
1193000.00 38.92 0 0.27
1194000.00 38.92 0 0.27
1195000.00 38.92 0 0.27
1196000.00 38.92 0 0.27
1197000.00 38.92 0 0.27
1198000.00 38.92 0 0.27
1199000.00 38.92 0 0.27
1200000.00 38.92 0 0.27
1201000.00 38.92 0 0.27
1202000.00 38.92 0 0.27
1203000.00 38.92 0 0.27
1204000.00 38.92 0 0.27
1205000.00 38.92 0 0.27
1206000.00 38.92 0 0.27
1207000.00 38.92 0 0.27
1208000.00 38.92 0 0.27
1209000.00 39.03 0 0.27
1210000.00 38.92 0 0.27
1211000.00 38.82 0 0.27
1212000.00 38.82 0 0.27
1213000.00 38.92 0 0.27
1214000.00 38.82 0 0.27
1215000.00 38.82 0 0.27
1216000.00 38.82 0 0.27
1217000.00 38.92 0 0.27
1218000.00 38.92 0 0.27
1219000.00 38.92 0 0.27
1220000.00 38.82 0 0.27
1221000.00 38.82 0 0.27
1222000.00 38.92 0 0.27
1223000.00 38.92 0 0.27
1224000.00 38.92 0 0.27
1225000.00 38.92 0 0.27
1226000.00 38.92 0 0.27
1227000.00 38.92 0 0.27
1228000.00 38.92 0 0.27
1229000.00 38.92 0 0.27
1230000.00 38.92 0 0.27
1231000.00 38.92 0 0.27
1232000.00 39.03 0 0.27
1233000.00 38.92 0 0.27
1234000.00 38.92 0 0.27
1235000.00 38.92 0 0.27
1236000.00 38.92 0 0.27
1237000.00 38.92 0 0.27
1238000.00 38.92 0 0.27
1239000.00 38.92 0 0.27
1240000.00 38.92 0 0.27
1241000.00 38.92 0 0.27
1242000.00 38.92 0 0.27
1243000.00 38.92 0 0.27
1244000.00 39.03 0 0.27
1245000.00 39.13 0 0.27
1246000.00 39.13 0 0.27
1247000.00 39.24 0 0.27
1248000.00 39.13 0 0.27
1249000.00 39.24 0 0.27
1250000.00 39.13 0 0.27
1251000.00 39.03 0 0.27
1252000.00 39.13 0 0.27
1253000.00 39.03 0 0.27
1254000.00 39.13 0 0.27
1255000.00 39.03 0 0.27
1256000.00 39.13 0 0.27
1257000.00 39.03 0 0.27
1258000.00 39.03 0 0.27
1259000.00 39.13 0 0.27
1260000.00 39.13 0 0.27
1261000.00 39.13 0 0.27
1262000.00 39.13 0 0.27
1263000.00 39.13 0 0.27
1264000.00 39.13 0 0.27
1265000.00 39.03 0 0.27
1266000.00 39.13 0 0.27
1267000.00 39.03 0 0.27
1268000.00 39.03 0 0.27
1269000.00 38.92 0 0.27
1270000.00 39.03 0 0.27
1271000.00 39.03 0 0.27
1272000.00 39.03 0 0.27
1273000.00 39.03 0 0.27
1274000.00 39.03 0 0.27
1275000.00 39.03 0 0.27
1276000.00 39.03 0 0.27
1277000.00 39.03 0 0.27
1278000.00 39.13 0 0.27
1279000.00 39.13 0 0.27
1280000.00 39.13 0 0.27
1281000.00 39.13 0 0.27
1282000.00 39.13 0 0.27
1283000.00 39.03 0 0.27
1284000.00 39.03 0 0.27
1285000.00 39.13 0 0.27
1286000.00 39.13 0 0.27
1287000.00 39.13 0 0.27
1288000.00 39.03 0 0.27
1289000.00 39.13 0 0.27
1290000.00 39.13 0 0.27
1291000.00 39.13 0 0.27
1292000.00 39.13 0 0.27
1293000.00 39.13 0 0.27
1294000.00 39.13 0 0.27
1295000.00 39.03 0 0.27
1296000.00 39.03 0 0.27
1297000.00 39.03 0 0.27
1298000.00 39.03 0 0.27
1299000.00 39.03 0 0.27
1300000.00 39.03 0 0.27
1301000.00 39.03 0 0.34
1302000.00 39.13 0 0.34
1303000.00 39.13 0 0.34
1304000.00 39.03 0 0.34
1305000.00 39.03 0 0.34
1306000.00 39.03 0 0.34
1307000.00 39.03 0 0.34
1308000.00 39.03 0 0.34
1309000.00 38.92 0 0.34
1310000.00 38.92 0 0.34
1311000.00 39.03 0 0.34
1312000.00 39.03 0 0.34
1313000.00 39.03 0 0.34
1314000.00 38.92 0 0.34
1315000.00 38.92 0 0.34
1316000.00 38.92 0 0.34
1317000.00 39.03 0 0.34
1318000.00 39.03 0 0.34
1319000.00 39.03 0 0.34
1320000.00 39.03 0 0.34
1321000.00 39.03 0 0.34
1322000.00 39.13 0 0.34
1323000.00 39.13 0 0.34
1324000.00 39.24 0 0.34
1325000.00 39.24 0 0.34
1326000.00 39.24 0 0.34
1327000.00 39.34 0 0.34
1328000.00 39.45 0 0.34
1329000.00 39.45 0 0.34
1330000.00 39.45 0 0.34
1331000.00 39.45 0 0.34
1332000.00 39.45 0 0.34
1333000.00 39.45 0 0.34
1334000.00 39.45 0 0.34
1335000.00 39.34 0 0.34
1336000.00 39.34 0 0.34
1337000.00 39.34 0 0.34
1338000.00 39.34 0 0.34
1339000.00 39.34 0 0.34
1340000.00 39.24 0 0.34
1341000.00 39.24 0 0.34
1342000.00 39.24 0 0.34
1343000.00 39.24 0 0.34
1344000.00 39.24 0 0.34
1345000.00 39.13 0 0.34
1346000.00 39.03 0 0.34
1347000.00 39.13 0 0.34
1348000.00 39.13 0 0.34
1349000.00 39.24 0 0.34
1350000.00 39.13 0 0.34
1351000.00 39.03 0 0.34
1352000.00 39.13 0 0.34
1353000.00 39.13 0 0.34
1354000.00 39.13 0 0.34
1355000.00 39.13 0 0.34
1356000.00 39.13 0 0.34
1357000.00 39.24 0 0.34
1358000.00 39.13 0 0.34
1359000.00 39.13 0 0.34
1360000.00 39.13 0 0.34
1361000.00 39.13 0 0.34
1362000.00 39.13 0 0.34
1363000.00 39.13 0 0.34
1364000.00 39.13 0 0.34
1365000.00 39.13 0 0.34
1366000.00 39.24 0 0.34
1367000.00 39.24 0 0.34
1368000.00 39.24 0 0.34
1369000.00 39.24 0 0.34
1370000.00 39.24 0 0.34
1371000.00 39.24 0 0.34
1372000.00 39.24 0 0.34
1373000.00 39.24 0 0.34
1374000.00 39.24 0 0.34
1375000.00 39.24 0 0.34
1376000.00 39.13 0 0.34
1377000.00 39.13 0 0.34
1378000.00 39.13 0 0.34
1379000.00 39.13 0 0.34
1380000.00 39.13 0 0.34
1381000.00 39.13 0 0.34
1382000.00 39.24 0 0.34
1383000.00 39.13 0 0.34
1384000.00 39.13 0 0.34
1385000.00 39.24 0 0.34
1386000.00 39.24 0 0.34
1387000.00 39.24 0 0.34
1388000.00 39.24 0 0.34
1389000.00 39.13 0 0.34
1390000.00 39.24 0 0.34
1391000.00 39.13 0 0.34
1392000.00 39.24 0 0.34
1393000.00 39.13 0 0.34
1394000.00 39.24 0 0.34
1395000.00 39.24 0 0.34
1396000.00 39.13 0 0.34
1397000.00 39.24 0 0.34
1398000.00 39.24 0 0.34
1399000.00 39.24 0 0.34
1400000.00 39.24 0 0.34
1401000.00 39.24 0 0.22
1402000.00 39.24 0 0.22
1403000.00 39.24 0 0.22
1404000.00 39.24 0 0.22
1405000.00 39.24 0 0.22
1406000.00 39.24 0 0.22
1407000.00 39.24 0 0.22
1408000.00 39.24 0 0.22
1409000.00 39.24 0 0.22
1410000.00 39.24 0 0.22
1411000.00 39.34 0 0.22
1412000.00 39.24 0 0.22
1413000.00 39.34 0 0.22
1414000.00 39.34 0 0.22
1415000.00 39.24 0 0.22
1416000.00 39.24 0 0.22
1417000.00 39.13 0 0.22
1418000.00 39.24 0 0.22
1419000.00 39.24 0 0.22
1420000.00 39.13 0 0.22
1421000.00 39.13 0 0.22
1422000.00 39.13 0 0.22
1423000.00 39.13 0 0.22
1424000.00 39.13 0 0.22
1425000.00 39.03 0 0.22
1426000.00 39.13 0 0.22
1427000.00 39.13 0 0.22
1428000.00 39.13 0 0.22
1429000.00 39.13 0 0.22
1430000.00 39.13 0 0.22
1431000.00 39.03 0 0.22
1432000.00 39.13 0 0.22
1433000.00 39.13 0 0.22
1434000.00 39.03 0 0.22
1435000.00 39.03 0 0.22
1436000.00 39.13 0 0.22
1437000.00 39.03 0 0.22
1438000.00 39.03 0 0.22
1439000.00 39.03 0 0.22
1440000.00 39.03 0 0.22
1441000.00 39.03 0 0.22
1442000.00 39.03 0 0.22
1443000.00 39.03 0 0.22
1444000.00 39.03 0 0.22
1445000.00 39.13 0 0.22
1446000.00 39.03 0 0.22
1447000.00 39.03 0 0.22
1448000.00 39.03 0 0.22
1449000.00 39.13 0 0.22
1450000.00 39.03 0 0.22
1451000.00 39.13 0 0.22
1452000.00 39.13 0 0.22
1453000.00 39.13 0 0.22
1454000.00 39.13 0 0.22
1455000.00 39.13 0 0.22
1456000.00 39.13 0 0.22
1457000.00 39.13 0 0.22
1458000.00 39.24 0 0.22
1459000.00 39.13 0 0.22
1460000.00 39.13 0 0.22
1461000.00 39.13 0 0.22
1462000.00 39.24 0 0.22
1463000.00 39.13 0 0.22
1464000.00 39.13 0 0.22
1465000.00 39.24 0 0.22
1466000.00 39.13 0 0.22
1467000.00 39.13 0 0.22
1468000.00 39.24 0 0.22
1469000.00 39.13 0 0.22
1470000.00 39.13 0 0.22
1471000.00 39.24 0 0.22
1472000.00 39.24 0 0.22
1473000.00 39.24 0 0.22
1474000.00 39.24 0 0.22
1475000.00 39.24 0 0.22
1476000.00 39.24 0 0.22
1477000.00 39.24 0 0.22
1478000.00 39.34 0 0.22
1479000.00 39.24 0 0.22
1480000.00 39.24 0 0.22
1481000.00 39.24 0 0.22
1482000.00 39.24 0 0.22
1483000.00 39.13 0 0.22
1484000.00 39.13 0 0.22
1485000.00 39.24 0 0.22
1486000.00 39.24 0 0.22
1487000.00 39.13 0 0.22
1488000.00 39.13 0 0.22
1489000.00 39.13 0 0.22
1490000.00 39.13 0 0.22
1491000.00 39.13 0 0.22
1492000.00 39.13 0 0.22
1493000.00 39.13 0 0.22
1494000.00 39.13 0 0.22
1495000.00 39.03 0 0.22
1496000.00 39.13 0 0.22
1497000.00 39.13 0 0.22
1498000.00 39.13 0 0.22
1499000.00 39.13 0 0.22
1500000.00 39.13 0 0.22
1501000.00 39.13 0 0.24
1502000.00 39.03 0 0.24
1503000.00 39.13 0 0.24
1504000.00 39.03 0 0.24
1505000.00 39.03 0 0.24
1506000.00 39.03 0 0.24
1507000.00 39.03 0 0.24
1508000.00 39.03 0 0.24
1509000.00 39.03 0 0.24
1510000.00 39.13 0 0.24
1511000.00 39.13 0 0.24
1512000.00 39.13 0 0.24
1513000.00 39.03 0 0.24
1514000.00 39.13 0 0.24
1515000.00 39.13 0 0.24
1516000.00 39.13 0 0.24
1517000.00 39.13 0 0.24
1518000.00 39.24 0 0.24
1519000.00 39.24 0 0.24
1520000.00 39.24 0 0.24
1521000.00 39.24 0 0.24
1522000.00 39.34 0 0.24
1523000.00 39.24 0 0.24
1524000.00 39.34 0 0.24
1525000.00 39.24 0 0.24
1526000.00 39.24 0 0.24
1527000.00 39.13 0 0.24
1528000.00 39.13 0 0.24
1529000.00 39.24 0 0.24
1530000.00 39.13 0 0.24
1531000.00 39.13 0 0.24
1532000.00 39.13 0 0.24
1533000.00 39.13 0 0.24
1534000.00 39.13 0 0.24
1535000.00 39.13 0 0.24
1536000.00 39.13 0 0.24
1537000.00 39.13 0 0.24
1538000.00 39.13 0 0.24
1539000.00 39.13 0 0.24
1540000.00 39.13 0 0.24
1541000.00 39.13 0 0.24
1542000.00 39.13 0 0.24
1543000.00 39.13 0 0.24
1544000.00 39.13 0 0.24
1545000.00 39.13 0 0.24
1546000.00 39.13 0 0.24
1547000.00 39.13 0 0.24
1548000.00 39.34 0 0.24
1549000.00 39.34 0 0.24
1550000.00 39.24 0 0.24
1551000.00 39.24 0 0.24
1552000.00 39.24 0 0.24
1553000.00 39.13 0 0.24
1554000.00 39.13 0 0.24
1555000.00 39.13 0 0.24
1556000.00 39.13 0 0.24
1557000.00 39.13 0 0.24
1558000.00 39.13 0 0.24
1559000.00 39.24 0 0.24
1560000.00 39.24 0 0.24
1561000.00 39.13 0 0.24
1562000.00 39.13 0 0.24
1563000.00 39.24 0 0.24
1564000.00 39.24 0 0.24
1565000.00 39.24 0 0.24
1566000.00 39.13 0 0.24
1567000.00 39.13 0 0.24
1568000.00 39.13 0 0.24
1569000.00 39.13 0 0.24
1570000.00 39.13 0 0.24
1571000.00 39.24 0 0.24
1572000.00 39.13 0 0.24
1573000.00 39.13 0 0.24
1574000.00 39.13 0 0.24
1575000.00 39.24 0 0.24
1576000.00 39.24 0 0.24
1577000.00 39.34 0 0.24
1578000.00 39.34 0 0.24
1579000.00 39.34 0 0.24
1580000.00 39.34 0 0.24
1581000.00 39.34 0 0.24
1582000.00 39.34 0 0.24
1583000.00 39.24 0 0.24
1584000.00 39.24 0 0.24
1585000.00 39.24 0 0.24
1586000.00 39.24 0 0.24
1587000.00 39.34 0 0.24
1588000.00 39.34 0 0.24
1589000.00 39.45 0 0.24
1590000.00 39.45 0 0.24
1591000.00 39.45 0 0.24
1592000.00 39.45 0 0.24
1593000.00 39.34 0 0.24
1594000.00 39.34 0 0.24
1595000.00 39.34 0 0.24
1596000.00 39.34 0 0.24
1597000.00 39.24 0 0.24
1598000.00 39.24 0 0.24
1599000.00 39.24 0 0.24
1600000.00 39.24 0 0.24
1601000.00 39.24 0 0.31
1602000.00 39.24 0 0.31
1603000.00 39.24 0 0.31
1604000.00 39.13 0 0.31
1605000.00 39.24 0 0.31
1606000.00 39.13 0 0.31
1607000.00 39.24 0 0.31
1608000.00 39.13 0 0.31
1609000.00 39.13 0 0.31
1610000.00 39.13 0 0.31
1611000.00 39.24 0 0.31
1612000.00 39.24 0 0.31
1613000.00 39.13 0 0.31
1614000.00 39.13 0 0.31
1615000.00 39.13 0 0.31
1616000.00 39.24 0 0.31
1617000.00 39.56 0 0.31
1618000.00 39.66 0 0.31
1619000.00 39.66 0 0.31
1620000.00 39.56 0 0.31
1621000.00 39.56 0 0.31
1622000.00 39.66 0 0.31
1623000.00 39.56 0 0.31
1624000.00 39.56 0 0.31
1625000.00 39.56 0 0.31
1626000.00 39.56 0 0.31
1627000.00 39.56 0 0.31
1628000.00 39.56 0 0.31
1629000.00 39.66 0 0.31
1630000.00 39.66 0 0.31
1631000.00 39.66 0 0.31
1632000.00 39.66 0 0.31
1633000.00 39.66 0 0.31
1634000.00 39.66 0 0.31
1635000.00 39.77 0 0.31
1636000.00 39.66 0 0.31
1637000.00 39.66 0 0.31
1638000.00 39.66 0 0.31
1639000.00 39.66 0 0.31
1640000.00 39.66 0 0.31
1641000.00 39.56 0 0.31
1642000.00 39.66 0 0.31
1643000.00 39.66 0 0.31
1644000.00 39.66 0 0.31
1645000.00 39.66 0 0.31
1646000.00 39.66 0 0.31
1647000.00 39.66 0 0.31
1648000.00 39.66 0 0.31
1649000.00 39.56 0 0.31
1650000.00 39.56 0 0.31
1651000.00 39.66 0 0.31
1652000.00 39.66 0 0.31
1653000.00 39.66 0 0.31
1654000.00 39.66 0 0.31
1655000.00 39.66 0 0.31
1656000.00 39.66 0 0.31
1657000.00 39.66 0 0.31
1658000.00 39.66 0 0.31
1659000.00 39.66 0 0.31
1660000.00 39.56 0 0.31
1661000.00 39.66 0 0.31
1662000.00 39.56 0 0.31
1663000.00 39.56 0 0.31
1664000.00 39.66 0 0.31
1665000.00 39.56 0 0.31
1666000.00 39.56 0 0.31
1667000.00 39.56 0 0.31
1668000.00 39.66 0 0.31
1669000.00 39.66 0 0.31
1670000.00 39.66 0 0.31
1671000.00 39.56 0 0.31
1672000.00 39.66 0 0.31
1673000.00 39.66 0 0.31
1674000.00 39.66 0 0.31
1675000.00 39.77 0 0.31
1676000.00 39.77 0 0.31
1677000.00 39.77 0 0.31
1678000.00 39.77 0 0.31
1679000.00 39.77 0 0.31
1680000.00 39.87 0 0.31
1681000.00 39.77 0 0.31
1682000.00 39.87 0 0.31
1683000.00 39.87 0 0.31
1684000.00 39.87 0 0.31
1685000.00 39.87 0 0.31
1686000.00 39.87 0 0.31
1687000.00 39.87 0 0.31
1688000.00 39.77 0 0.31
1689000.00 39.77 0 0.31
1690000.00 39.77 0 0.31
1691000.00 39.77 0 0.31
1692000.00 39.77 0 0.31
1693000.00 39.77 0 0.31
1694000.00 39.77 0 0.31
1695000.00 39.77 0 0.31
1696000.00 39.77 0 0.31
1697000.00 39.77 0 0.31
1698000.00 39.77 0 0.31
1699000.00 39.77 0 0.31
1700000.00 39.77 0 0.31
1701000.00 39.77 0 0.44
1702000.00 39.77 0 0.44
1703000.00 39.87 0 0.44
1704000.00 39.77 0 0.44
1705000.00 39.87 0 0.44
1706000.00 39.87 0 0.44
1707000.00 39.98 0 0.44
1708000.00 39.98 0 0.44
1709000.00 39.87 0 0.44
1710000.00 39.87 0 0.44
1711000.00 39.98 0 0.44
1712000.00 39.87 0 0.44
1713000.00 39.77 0 0.44
1714000.00 39.77 0 0.44
1715000.00 39.66 0 0.44
1716000.00 39.56 0 0.44
1717000.00 39.56 0 0.44
1718000.00 39.56 0 0.44
1719000.00 39.56 0 0.44
1720000.00 39.56 0 0.44
1721000.00 39.45 0 0.44
1722000.00 39.66 0 0.44
1723000.00 39.56 0 0.44
1724000.00 39.56 0 0.44
1725000.00 39.56 0 0.44
1726000.00 39.56 0 0.44
1727000.00 39.56 0 0.44
1728000.00 39.56 0 0.44
1729000.00 39.56 0 0.44
1730000.00 39.66 0 0.44
1731000.00 39.56 0 0.44
1732000.00 39.56 0 0.44
1733000.00 39.56 0 0.44
1734000.00 39.56 0 0.44
1735000.00 39.56 0 0.44
1736000.00 39.66 0 0.44
1737000.00 39.56 0 0.44
1738000.00 39.66 0 0.44
1739000.00 39.66 0 0.44
1740000.00 39.66 0 0.44
1741000.00 39.66 0 0.44
1742000.00 39.66 0 0.44
1743000.00 39.66 0 0.44
1744000.00 39.66 0 0.44
1745000.00 39.77 0 0.44
1746000.00 39.66 0 0.44
1747000.00 39.66 0 0.44
1748000.00 39.66 0 0.44
1749000.00 39.66 0 0.44
1750000.00 39.66 0 0.44
1751000.00 39.66 0 0.44
1752000.00 39.66 0 0.44
1753000.00 39.66 0 0.44
1754000.00 39.66 0 0.44
1755000.00 39.66 0 0.44
1756000.00 39.66 0 0.44
1757000.00 39.66 0 0.44
1758000.00 39.66 0 0.44
1759000.00 39.66 0 0.44
1760000.00 39.66 0 0.44
1761000.00 39.66 0 0.44
1762000.00 39.66 0 0.44
1763000.00 39.77 0 0.44
1764000.00 39.77 0 0.44
1765000.00 39.77 0 0.44
1766000.00 39.77 0 0.44
1767000.00 39.77 0 0.44
1768000.00 39.66 0 0.44
1769000.00 39.66 0 0.44
1770000.00 39.66 0 0.44
1771000.00 39.66 0 0.44
1772000.00 39.66 0 0.44
1773000.00 39.66 0 0.44
1774000.00 39.66 0 0.44
1775000.00 39.66 0 0.44
1776000.00 39.66 0 0.44
1777000.00 39.66 0 0.44
1778000.00 39.66 0 0.44
1779000.00 39.66 0 0.44
1780000.00 39.66 0 0.44
1781000.00 39.66 0 0.44
1782000.00 39.66 0 0.44
1783000.00 39.66 0 0.44
1784000.00 39.66 0 0.44
1785000.00 39.66 0 0.44
1786000.00 39.66 0 0.44
1787000.00 39.66 0 0.44
1788000.00 39.56 100 0.10
1789000.00 39.24 100 0.10
1790000.00 38.50 100 0.10
1791000.00 37.98 100 0.10
1792000.00 37.57 100 0.10
1793000.00 37.26 100 0.10
1794000.00 36.96 100 0.10
1795000.00 36.86 100 0.10
1796000.00 36.75 100 0.10
1797000.00 36.55 100 0.10
1798000.00 36.55 100 0.10
1799000.00 36.45 100 0.10
1800000.00 36.45 100 0.10
1801000.00 36.25 100 0.10
1802000.00 36.15 100 0.10
1803000.00 36.05 100 0.10
1804000.00 36.05 100 0.10
1805000.00 35.85 100 0.10
1806000.00 35.75 100 0.10
1807000.00 35.75 100 0.10
1808000.00 35.75 100 0.10
1809000.00 35.75 100 0.10
1810000.00 35.75 100 0.10
1811000.00 35.65 100 0.10
1812000.00 35.55 100 0.10
1813000.00 35.45 100 0.10
1814000.00 35.35 100 0.10
1815000.00 35.35 100 0.10
1816000.00 35.25 100 0.10
1817000.00 35.15 100 0.10
1818000.00 35.15 100 0.10
1819000.00 35.05 100 0.10
1820000.00 34.96 100 0.10
1821000.00 35.05 100 0.10
1822000.00 34.96 100 0.10
1823000.00 34.86 100 0.10
1824000.00 34.86 100 0.10
1825000.00 34.76 100 0.10
1826000.00 34.76 100 0.10
1827000.00 34.76 100 0.10
1828000.00 34.66 100 0.10
1829000.00 34.66 100 0.10
1830000.00 34.66 100 0.10
1831000.00 34.66 100 0.10
1832000.00 34.56 100 0.10
1833000.00 34.66 100 0.10
1834000.00 34.56 100 0.10
1835000.00 34.46 100 0.10
1836000.00 34.46 100 0.10
1837000.00 34.46 100 0.10
1838000.00 34.46 100 0.10
1839000.00 34.46 100 0.10
1840000.00 34.37 100 0.10
1841000.00 34.46 100 0.10
1842000.00 34.37 100 0.10
1843000.00 34.37 100 0.10
1844000.00 34.27 100 0.10
1845000.00 34.27 100 0.10
1846000.00 34.27 100 0.10
1847000.00 34.17 100 0.10
1848000.00 34.27 100 0.10
1849000.00 34.17 100 0.10
1850000.00 34.17 100 0.10
1851000.00 34.17 100 0.10
1852000.00 34.17 100 0.10
1853000.00 34.17 100 0.10
1854000.00 34.17 100 0.10
1855000.00 34.17 100 0.10
1856000.00 34.07 100 0.10
1857000.00 34.07 100 0.10
1858000.00 34.07 100 0.10
1859000.00 34.07 100 0.10
1860000.00 33.98 100 0.10
1861000.00 34.07 100 0.10
1862000.00 33.98 100 0.10
1863000.00 33.98 100 0.10
1864000.00 33.98 100 0.10
1865000.00 33.88 100 0.10
1866000.00 33.88 100 0.10
1867000.00 33.88 100 0.10
1868000.00 33.88 100 0.10
1869000.00 33.88 100 0.10
1870000.00 33.88 100 0.10
1871000.00 33.88 100 0.10
1872000.00 33.78 100 0.10
1873000.00 33.78 100 0.10
1874000.00 33.78 100 0.10
1875000.00 33.78 100 0.10
1876000.00 33.78 100 0.10
1877000.00 33.78 100 0.10
1878000.00 33.78 100 0.10
1879000.00 33.78 100 0.10
1880000.00 33.68 100 0.10
1881000.00 33.68 100 0.10
1882000.00 33.68 100 0.10
1883000.00 33.68 100 0.10
1884000.00 33.68 100 0.10
1885000.00 33.68 100 0.10
1886000.00 33.59 100 0.10
1887000.00 33.68 100 0.10
1888000.00 33.68 100 1.55
1889000.00 33.59 100 1.55
1890000.00 33.68 100 1.55
1891000.00 33.59 100 1.55
1892000.00 33.59 100 1.55
1893000.00 33.59 100 1.55
1894000.00 33.59 100 1.55
1895000.00 33.59 100 1.55
1896000.00 33.59 100 1.55
1897000.00 33.49 100 1.55
1898000.00 33.49 100 1.55
1899000.00 33.49 100 1.55
1900000.00 33.59 100 1.55
1901000.00 33.49 100 1.55
1902000.00 33.49 100 1.55
1903000.00 33.49 100 1.55
1904000.00 33.39 100 1.55
1905000.00 33.39 100 1.55
1906000.00 33.39 100 1.55
1907000.00 33.39 100 1.55
1908000.00 33.49 100 1.55
1909000.00 33.39 100 1.55
1910000.00 33.39 100 1.55
1911000.00 33.39 100 1.55
1912000.00 33.39 100 1.55
1913000.00 33.39 100 1.55
1914000.00 33.39 100 1.55
1915000.00 33.39 100 1.55
1916000.00 33.39 100 1.55
1917000.00 33.39 100 1.55
1918000.00 33.39 100 1.55
1919000.00 33.39 100 1.55
1920000.00 33.39 100 1.55
1921000.00 33.30 100 1.55
1922000.00 33.39 100 1.55
1923000.00 33.30 100 1.55
1924000.00 33.30 100 1.55
1925000.00 33.30 100 1.55
1926000.00 33.30 100 1.55
1927000.00 33.30 100 1.55
1928000.00 33.30 100 1.55
1929000.00 33.30 100 1.55
1930000.00 33.30 100 1.55
1931000.00 33.30 100 1.55
1932000.00 33.30 100 1.55
1933000.00 33.30 100 1.55
1934000.00 33.30 100 1.55
1935000.00 33.20 100 1.55
1936000.00 33.30 100 1.55
1937000.00 33.20 100 1.55
1938000.00 33.20 100 1.55
1939000.00 33.20 100 1.55
1940000.00 33.20 100 1.55
1941000.00 33.20 100 1.55
1942000.00 33.20 100 1.55
1943000.00 33.11 100 1.55
1944000.00 33.11 100 1.55
1945000.00 33.11 100 1.55
1946000.00 33.11 100 1.55
1947000.00 33.20 100 1.55
1948000.00 33.20 100 1.55
1949000.00 33.20 100 1.55
1950000.00 33.20 100 1.55
1951000.00 33.20 100 1.55
1952000.00 33.20 100 1.55
1953000.00 33.20 100 1.55
1954000.00 33.20 100 1.55
1955000.00 33.11 100 1.55
1956000.00 33.11 100 1.55
1957000.00 33.11 100 1.55
1958000.00 33.11 100 1.55
1959000.00 33.20 100 1.55
1960000.00 33.11 100 1.55
1961000.00 33.11 100 1.55
1962000.00 33.11 100 1.55
1963000.00 33.11 100 1.55
1964000.00 33.20 100 1.55
1965000.00 33.11 100 1.55
1966000.00 33.11 100 1.55
1967000.00 33.11 100 1.55
1968000.00 33.11 100 1.55
1969000.00 33.11 100 1.55
1970000.00 33.11 100 1.55
1971000.00 33.11 100 1.55
1972000.00 33.11 100 1.55
1973000.00 33.11 100 1.55
1974000.00 33.11 100 1.55
1975000.00 33.11 100 1.55
1976000.00 33.11 100 1.55
1977000.00 33.11 100 1.55
1978000.00 33.01 100 1.55
1979000.00 33.01 100 1.55
1980000.00 33.01 100 1.55
1981000.00 33.01 100 1.55
1982000.00 33.01 100 1.55
1983000.00 33.01 100 1.55
1984000.00 33.01 100 1.55
1985000.00 33.01 100 1.55
1986000.00 33.01 100 1.55
1987000.00 33.01 100 1.55
1988000.00 33.01 100 0.20
1989000.00 33.01 100 0.20
1990000.00 33.01 100 0.20
1991000.00 33.01 100 0.20
1992000.00 33.01 100 0.20
1993000.00 33.01 100 0.20
1994000.00 32.91 100 0.20
1995000.00 33.01 100 0.20
1996000.00 32.91 100 0.20
1997000.00 32.91 100 0.20
1998000.00 32.91 100 0.20
1999000.00 32.91 100 0.20
2000000.00 33.01 100 0.20
2001000.00 32.91 100 0.20
2002000.00 32.91 100 0.20
2003000.00 32.91 100 0.20
2004000.00 33.01 100 0.20
2005000.00 33.01 100 0.20
2006000.00 32.91 100 0.20
2007000.00 33.01 100 0.20
2008000.00 32.91 100 0.20
2009000.00 32.91 100 0.20
2010000.00 33.01 100 0.20
2011000.00 32.91 100 0.20
2012000.00 32.91 100 0.20
2013000.00 32.91 100 0.20
2014000.00 32.91 100 0.20
2015000.00 32.91 100 0.20
2016000.00 32.91 100 0.20
2017000.00 32.91 100 0.20
2018000.00 32.91 100 0.20
2019000.00 32.91 100 0.20
2020000.00 32.91 100 0.20
2021000.00 32.91 100 0.20
2022000.00 32.91 100 0.20
2023000.00 32.91 100 0.20
2024000.00 32.91 100 0.20
2025000.00 32.91 100 0.20
2026000.00 32.91 100 0.20
2027000.00 33.01 100 0.20
2028000.00 32.91 100 0.20
2029000.00 32.91 100 0.20
2030000.00 32.91 100 0.20
2031000.00 32.91 100 0.20
2032000.00 32.91 100 0.20
2033000.00 32.91 100 0.20
2034000.00 32.91 100 0.20
2035000.00 32.82 100 0.20
2036000.00 32.91 100 0.20
2037000.00 32.91 100 0.20
2038000.00 32.91 100 0.20
2039000.00 32.82 100 0.20
2040000.00 32.82 100 0.20
2041000.00 32.91 100 0.20
2042000.00 32.82 100 0.20
2043000.00 32.82 100 0.20
2044000.00 32.82 100 0.20
2045000.00 32.82 100 0.20
2046000.00 32.82 100 0.20
2047000.00 32.82 100 0.20
2048000.00 32.82 100 0.20
2049000.00 32.82 100 0.20
2050000.00 32.82 100 0.20
2051000.00 32.82 100 0.20
2052000.00 32.91 100 0.20
2053000.00 32.91 100 0.20
2054000.00 32.82 100 0.20
2055000.00 32.91 100 0.20
2056000.00 32.91 100 0.20
2057000.00 32.91 100 0.20
2058000.00 32.91 100 0.20
2059000.00 32.82 100 0.20
2060000.00 32.82 100 0.20
2061000.00 32.91 100 0.20
2062000.00 32.91 100 0.20
2063000.00 32.91 100 0.20
2064000.00 32.82 100 0.20
2065000.00 32.82 100 0.20
2066000.00 32.82 100 0.20
2067000.00 32.82 100 0.20
2068000.00 32.82 100 0.20
2069000.00 32.82 100 0.20
2070000.00 32.82 100 0.20
2071000.00 32.82 100 0.20
2072000.00 32.82 100 0.20
2073000.00 32.82 100 0.20
2074000.00 32.82 100 0.20
2075000.00 32.82 100 0.20
2076000.00 32.82 100 0.20
2077000.00 32.82 100 0.20
2078000.00 32.82 100 0.20
2079000.00 32.82 100 0.20
2080000.00 32.91 100 0.20
2081000.00 32.82 100 0.20
2082000.00 32.82 100 0.20
2083000.00 32.82 100 0.20
2084000.00 32.82 100 0.20
2085000.00 32.82 100 0.20
2086000.00 32.82 100 0.20
2087000.00 32.91 100 0.20
2088000.00 32.82 0 0.01
2089000.00 32.91 0 0.01
2090000.00 33.20 0 0.01
2091000.00 33.49 0 0.01
2092000.00 33.78 0 0.01
2093000.00 34.07 0 0.01
2094000.00 34.27 0 0.01
